Gene	Cell1	Cell2	Cell3	Cell4	Cell5	Cell6	Cell7	Cell8	Cell9	Cell10	Cell11	Cell12	Cell13	Cell14	Cell15	Cell16	Cell17	Cell18	Cell19	Cell20	Cell21	Cell22	Cell23	Cell24	Cell25	Cell26	Cell27	Cell28	Cell29	Cell30	Cell31	Cell32	Cell33	Cell34	Cell35	Cell36	Cell37	Cell38	Cell39	Cell40	Cell41	Cell42	Cell43	Cell44	Cell45	Cell46	Cell47	Cell48	Cell49	Cell50	Cell51	Cell52	Cell53	Cell54	Cell55	Cell56	Cell57	Cell58	Cell59	Cell60	Cell61	Cell62	Cell63	Cell64	Cell65	Cell66	Cell67	Cell68	Cell69	Cell70	Cell71	Cell72	Cell73	Cell74	Cell75	Cell76	Cell77	Cell78	Cell79	Cell80	Cell81	Cell82	Cell83	Cell84	Cell85	Cell86	Cell87	Cell88	Cell89	Cell90	Cell91	Cell92	Cell93	Cell94	Cell95	Cell96	Cell97	Cell98	Cell99	Cell100
A1BG	22	676	257	96	7	0	22	9	36	112	137	62	5	248	14	145	33	193	25	125	0	1	12	72	8	48	16	12	82	64	643	13	203	127	72	1	53	246	33	10	34	11	0	10	128	43	52	98	0	44	16	131	10	9	6	443	98	504	0	141	106	11	3	42	94	42	3	59	28	346	3	0	113	4	156	265	86	62	494	1	3	42	48	159	3	264	24	34	11	55	25	154	25	0	66	7	0	22	71	158
A1CF	393	141	25	14	2	9	510	4	147	53	3	0	1	4	3	5	0	49	25	417	88	4	43	35	108	88	18	15	0	36	1	1	228	3	0	0	60	8	26	2	59	33	1	14	0	3	3	106	29	178	11	0	4	188	0	97	22	17	254	543	0	6	11	0	54	200	124	0	34	46	54	329	21	10	146	12	74	98	10	5	212	191	33	7	1	62	571	266	12	28	7	47	0	1	181	325	36	75	16	3
A2M	89	47	178	29	572	15	228	1	41	51	103	3	61	87	42	7	231	69	128	12	655	1	10	87	70	353	38	0	6	20	23	0	288	11	131	5	68	24	23	42	0	11	166	95	503	138	50	263	8	79	10	4	16	44	78	4	11	22	67	6	1	11	12	201	29	2	2	8	517	276	101	175	0	15	1	203	280	354	138	675	16	10	153	21	3	153	15	13	1	0	375	73	104	12	33	17	12	81	197	83
A2ML1	2	444	2	0	1	12	15	234	11	193	141	72	15	54	25	37	127	78	49	130	241	398	0	61	111	23	241	101	2	58	125	116	15	1	169	224	80	20	17	1	312	138	8	316	484	251	4	23	53	26	4	116	1	39	174	241	593	68	4	61	0	595	127	419	0	4	11	20	9	69	144	64	0	25	121	7	183	62	26	42	21	41	0	46	6	6	16	54	29	1	14	205	131	136	38	2	12	59	165	568
A3GALT2	498	6	65	227	1	42	7	124	0	17	0	1	180	0	99	4	199	36	119	42	0	0	408	299	357	9	5	26	0	84	73	88	31	48	34	26	2	41	97	107	0	198	14	184	2	12	29	0	8	79	249	0	801	238	40	198	123	38	142	0	9	83	140	44	390	0	76	61	37	9	3	138	28	5	22	59	283	353	110	39	211	36	19	0	207	0	20	216	19	124	70	7	561	55	99	48	34	361	100	110
A4GALT	88	37	0	0	122	2	106	0	114	65	16	1	145	12	35	131	29	188	428	0	30	192	0	112	3	37	1	3	32	51	49	223	0	40	327	106	517	21	67	0	48	18	316	35	0	3	38	40	67	163	2	205	41	9	95	2	873	0	6	2	289	90	30	128	126	45	179	346	158	41	76	17	144	9	6	178	66	129	213	57	19	1	222	37	16	59	246	127	31	190	22	10	71	1	0	79	83	354	431	2
A4GNT	0	5	32	8	5	17	195	22	0	21	35	2	108	47	11	17	42	44	17	122	124	126	52	12	11	223	11	56	329	26	85	0	294	1	19	10	163	53	72	15	38	168	3	141	49	101	49	31	343	11	7	0	101	17	52	137	34	52	18	10	140	0	120	453	30	0	357	174	0	75	1	10	4	84	33	8	52	1	7	28	2	189	95	578	122	66	236	18	137	0	59	17	91	99	1	297	34	0	160	291
AAAS	14	119	0	54	103	2	16	13	3	241	2	135	19	23	278	17	112	5	100	40	8	168	2	57	1	6	67	84	107	0	1	133	335	1	52	222	67	1	12	95	21	164	2	282	377	132	54	11	146	0	72	38	16	39	0	41	123	38	61	11	97	0	0	317	17	109	20	510	193	201	89	180	3	242	17	0	4	21	20	42	49	230	543	309	318	23	228	329	258	708	243	116	36	324	116	309	482	9	42	487
AACS	31	9	44	17	15	68	371	127	0	11	377	379	155	205	47	26	89	125	120	166	1	118	13	15	26	21	2	95	44	140	340	0	0	50	274	16	137	9	654	54	86	210	35	27	72	45	89	20	18	0	145	14	4	6	1	363	11	67	4	40	78	342	208	71	52	47	101	2	95	98	90	31	51	12	0	36	3	116	6	6	0	136	43	27	0	131	12	11	5	19	619	15	7	1	35	95	165	298	68	321
AADAC	188	40	118	23	0	2	0	0	197	547	30	318	378	70	115	173	11	29	100	32	144	50	143	50	10	18	86	0	27	78	22	15	48	42	3	4	64	32	6	12	57	3	320	29	19	48	1	24	57	38	0	19	9	212	1	46	146	12	11	87	59	285	19	34	14	12	0	149	21	1	2	9	10	105	4	1	9	12	41	7	33	74	608	190	25	98	83	2	2	352	21	286	11	92	12	2	0	81	53	250
AADACL2	31	177	10	0	112	19	102	327	2	3	289	44	3	10	41	31	108	58	185	42	127	50	35	183	8	17	36	0	80	20	3	114	236	1	135	77	85	12	46	783	56	76	0	519	185	34	3	90	52	229	64	2	245	92	193	2	240	609	10	163	22	37	2	66	0	122	2	15	121	252	6	1	1	18	74	147	250	106	281	3	153	1	22	290	3	21	134	27	179	43	279	358	13	4	12	190	29	20	9	10
AADACL3	197	23	45	1	666	14	574	227	10	281	34	15	44	87	2	74	77	91	53	393	194	66	17	25	22	129	1	94	288	4	28	25	107	22	132	13	74	64	54	185	44	0	0	248	1	22	4	3	1	457	275	138	118	344	105	45	83	131	13	142	8	192	14	20	182	8	768	4	11	35	14	3	56	144	0	75	42	60	225	0	0	1	4	249	59	43	2	38	174	11	10	161	17	49	141	143	321	64	169	156
AADACL4	140	1	7	53	98	25	19	38	72	21	28	11	77	1	7	0	210	123	13	188	154	61	160	277	7	60	21	12	2	109	143	10	28	14	34	7	0	2	2	57	9	12	2	1	33	770	13	50	21	188	4	52	67	6	137	51	104	582	0	1	29	42	650	1	34	277	5	36	348	335	22	3	65	7	6	0	136	70	4	748	21	167	0	2	559	1	259	16	85	0	227	455	61	24	130	26	34	30	92	327
AADAT	38	11	26	13	310	326	439	7	54	143	60	10	89	10	236	37	177	111	0	5	86	93	192	64	0	1	44	7	2	176	10	297	4	110	37	196	277	29	129	16	11	29	53	52	0	14	244	0	0	13	23	4	81	58	188	79	38	136	388	26	0	23	120	95	22	68	22	224	44	1	0	114	46	6	63	109	183	299	4	9	11	164	251	80	36	0	440	0	57	961	54	74	18	160	30	0	65	7	148	9
AAGAB	134	7	55	368	125	10	45	57	136	14	337	35	0	571	4	73	46	4	204	71	354	35	1	2	9	209	54	373	1	216	246	7	0	62	95	100	156	337	56	11	44	1	16	372	537	17	62	43	159	20	43	19	393	100	126	279	0	0	0	134	449	175	94	170	15	0	201	231	292	188	34	38	26	53	138	330	48	17	8	297	17	58	28	0	181	1	17	58	5	87	95	30	77	22	265	114	6	112	7	21
AAK1	4	138	42	151	54	98	152	70	94	230	0	10	72	1	30	15	45	248	36	0	0	43	36	99	1	94	0	449	55	115	15	86	60	3	19	165	171	18	3	23	9	171	35	563	62	80	9	715	88	152	11	1	8	252	143	43	43	524	35	60	30	26	94	146	12	4	257	288	9	130	87	3	0	14	498	8	1	233	3	222	14	13	16	55	4	123	17	189	40	436	454	20	129	24	5	173	112	93	14	96
AAMDC	111	511	127	0	144	0	5	99	9	4	6	64	1253	37	183	44	74	85	222	84	57	147	281	1	89	114	2	70	78	207	386	122	13	325	35	591	92	9	1	96	234	0	52	14	10	20	145	5	100	3	43	308	32	0	115	77	90	23	130	287	16	96	50	60	44	0	6	55	19	109	635	0	5	50	179	47	0	106	0	101	390	5	2	75	44	27	104	0	108	326	110	74	2	1	2	119	9	0	419	61
AAMP	100	40	40	104	61	23	2	151	5	361	0	607	96	1	66	44	17	9	454	126	787	27	26	22	210	13	11	42	116	0	302	239	3	67	118	10	261	193	201	4	34	1	46	21	863	26	3	15	1	126	232	71	97	29	180	316	114	6	12	209	204	37	18	649	43	24	123	15	3	217	3	3	45	17	151	249	1	0	25	359	1	80	55	201	26	0	165	582	1	23	202	66	215	0	282	16	12	329	30	348
AANAT	63	9	16	113	121	125	64	100	40	58	3	0	52	35	36	8	80	0	15	103	4	106	49	528	190	48	125	147	68	416	154	167	55	0	5	7	2	33	338	49	128	73	7	55	64	7	11	146	80	113	139	84	33	142	109	25	7	390	186	150	82	44	0	20	166	108	61	1	51	305	21	38	647	68	200	47	3	61	385	91	6	269	52	43	0	310	144	67	521	31	19	55	109	251	374	110	9	25	236	1
AAR2	26	5	71	179	3	11	57	6	49	132	61	37	166	544	22	12	123	39	197	0	85	0	434	4	119	189	421	3	175	0	122	12	90	56	12	114	82	203	54	106	23	1	113	1	86	123	4	247	52	233	55	40	117	5	42	262	266	33	68	0	11	81	164	25	192	10	36	82	23	95	67	7	11	87	1	15	0	30	30	13	79	14	219	73	62	2	8	0	22	35	35	0	68	225	0	121	4	106	365	13
AARD	99	181	230	202	20	138	43	7	5	247	42	31	17	365	137	39	1	77	137	0	1	100	5	33	7	47	70	143	4	90	0	5	12	22	35	81	11	184	66	12	30	108	27	21	2	21	65	0	0	136	29	30	47	1	517	38	0	2	4	0	217	15	194	38	13	8	7	56	15	176	40	2	143	2	3	0	1	330	1	5	37	111	4	319	193	259	59	327	46	6	222	58	19	19	5	482	25	18	7	162
AARS2	21	0	1	16	355	67	4	0	5	2	7	0	229	51	549	178	0	89	200	47	28	19	11	325	10	442	314	69	116	61	20	35	17	0	18	5	31	5	5	280	294	85	29	83	9	8	48	42	6	230	221	268	316	1	12	43	5	323	26	0	175	58	17	552	44	2	229	45	185	6	21	515	84	31	132	280	49	4	6	19	43	1	18	1	47	19	142	21	9	10	55	41	77	42	24	5	147	0	38	1
AARSD1	282	61	300	28	123	61	149	2	0	22	50	1	19	147	625	155	124	4	58	16	150	57	187	75	1	216	46	6	18	20	19	17	1	63	191	4	0	56	1	66	16	15	18	92	544	260	24	15	133	153	65	9	7	49	92	70	276	97	6	192	174	191	509	43	15	7	39	151	197	224	187	0	281	29	3	198	25	12	0	536	258	122	8	190	68	74	256	19	567	276	163	7	190	251	3	9	276	94	270	26
AASDH	130	108	68	2	27	40	1	75	230	44	0	21	2	58	72	2	317	0	292	42	188	221	18	549	65	86	139	8	33	153	59	10	191	378	76	37	38	88	77	303	13	231	71	0	16	6	147	471	98	264	41	256	0	12	11	746	11	232	2	102	22	17	61	170	8	17	14	417	13	102	299	32	38	134	667	4	44	0	59	0	68	80	80	34	70	336	0	47	17	28	259	2	3	1	28	75	111	211	2	10
AASDHPPT	52	0	12	52	2	105	98	178	299	175	126	41	7	70	4	0	147	61	343	37	2	15	148	98	37	22	49	105	312	14	42	280	102	353	34	28	152	262	357	8	39	59	188	224	68	150	41	30	0	21	22	1	22	0	5	1	35	138	27	15	136	33	41	6	51	284	76	3	67	683	5	86	231	31	266	0	41	28	363	0	59	46	13	85	72	214	16	74	15	62	102	290	41	88	69	614	134	174	170	3
AASS	7	18	11	20	6	2	79	9	54	402	237	94	8	57	2	15	0	3	0	0	149	380	37	0	386	440	23	0	4	638	25	105	39	0	39	96	33	100	9	141	38	17	123	35	145	34	62	43	52	62	6	171	12	290	85	13	6	395	110	10	97	109	67	6	62	264	20	141	40	275	5	155	0	24	0	1	0	85	659	3	113	19	190	228	2	53	32	204	575	31	193	13	238	76	179	96	228	5	66	0
AATF	13	20	83	412	79	105	14	116	100	53	11	2	88	39	29	49	351	162	15	21	3	0	161	18	6	0	80	153	20	91	65	13	1	9	62	1	50	37	220	50	21	281	8	0	210	1	16	0	0	247	8	79	49	8	1	95	107	34	209	126	404	147	74	430	56	8	30	55	64	118	109	3	61	22	1	38	105	36	0	99	18	46	366	237	39	23	178	11	10	4	492	2	13	4	15	270	44	240	103	2
AATK	63	33	42	99	26	658	346	148	60	16	370	186	0	102	2	16	268	180	47	32	251	4	7	613	231	46	6	2	4	27	2	12	0	5	33	62	168	0	372	209	363	6	13	1	171	0	0	247	256	33	0	87	127	194	2	45	34	14	242	474	208	421	17	32	36	269	395	459	50	81	0	374	4	8	2	52	59	6	9	47	116	13	91	41	1	200	6	9	0	134	155	0	17	24	6	61	250	497	63	39
ABAT	91	318	0	127	235	71	101	236	15	38	34	73	3	3	1	400	66	42	18	344	54	0	0	436	368	302	94	89	15	1	1	4	86	29	117	45	2	180	471	1	30	51	12	46	1	0	13	2	7	31	153	484	399	680	93	45	102	11	34	39	32	276	6	113	34	8	143	20	56	201	8	373	0	176	0	129	19	0	40	97	38	136	0	90	0	278	1	1301	332	161	280	1	38	57	57	100	51	51	113	14
ABCA1	114	5	23	100	0	147	2	0	144	39	95	36	491	47	213	134	25	84	413	14	17	37	276	46	55	8	243	143	38	217	15	24	22	191	149	22	46	2	74	11	168	158	14	369	96	8	129	24	20	0	42	252	79	109	64	248	145	75	11	36	4	24	20	403	0	0	52	19	0	44	103	37	0	1	225	82	16	79	11	0	252	3	173	195	291	57	13	296	32	44	0	25	164	30	231	4	537	53	89	68
ABCA10	11	610	169	0	166	55	29	55	280	12	146	239	35	0	126	5	11	303	169	152	17	181	2	139	0	100	51	153	158	314	3	27	122	69	109	4	12	143	65	16	23	3	8	0	172	54	60	66	21	382	62	139	48	0	66	719	90	416	10	172	46	15	319	27	376	21	6	1	263	76	860	54	8	2	85	225	34	0	0	14	99	8	191	1	390	2	41	209	3	28	165	4	210	133	1	22	107	78	33	118
ABCA12	232	56	227	118	400	1	21	83	27	14	31	573	140	24	18	0	547	184	161	1	37	3	5	164	0	1	8	27	51	242	122	13	29	181	102	45	0	2	16	64	90	124	94	4	46	5	67	0	77	0	10	11	145	434	0	19	74	46	118	1	15	14	184	0	270	148	4	174	112	58	31	19	96	1	36	136	9	611	101	2	21	21	108	195	81	97	11	8	33	21	310	80	113	149	59	295	73	126	57	74
ABCA13	258	232	247	32	1	83	72	15	102	23	111	43	316	187	4	2	172	1	254	116	76	116	33	32	105	64	12	391	61	16	63	104	0	149	0	160	11	38	359	204	0	245	21	170	248	18	201	9	24	337	449	98	16	8	858	100	150	91	14	8	25	6	141	59	3	418	37	837	116	87	25	0	199	21	0	445	61	34	14	31	331	59	10	0	82	28	109	4	20	9	98	24	2	217	0	118	14	8	0	43
ABCA2	143	63	306	3	31	50	321	288	30	0	39	105	296	40	36	2	98	50	334	229	77	16	39	149	59	124	3	7	131	161	28	106	18	0	53	1	14	29	25	99	80	12	20	242	235	223	7	261	31	17	50	181	77	13	245	1	234	24	45	89	22	1	479	0	162	127	2	131	103	160	30	28	9	58	379	36	174	36	116	0	1	114	96	38	61	49	0	384	10	138	0	136	464	3	1	123	14	4	11	29
ABCA3	25	85	31	45	4	31	0	1	236	0	263	79	3	117	3	0	4	7	23	2	76	28	172	166	5	5	10	72	398	0	355	64	26	216	2	170	3	53	0	0	5	8	42	215	17	0	167	134	32	21	93	142	11	25	17	183	90	362	3	62	15	1	266	39	58	33	205	404	109	6	53	382	15	136	113	3	0	49	7	12	9	152	1	27	6	260	1	104	33	21	1	7	14	30	52	40	398	79	38	50
ABCA4	31	116	287	80	0	52	29	17	68	6	11	245	111	124	57	117	171	1	55	20	80	129	150	85	109	165	22	13	117	120	86	21	53	439	38	59	0	125	61	2	13	54	565	85	425	6	18	1	284	28	236	27	1	0	210	196	11	62	39	7	114	74	0	83	968	33	3	264	11	96	47	0	10	14	76	270	208	42	117	7	49	587	45	34	19	65	112	79	273	0	116	8	203	86	27	2	42	84	26	117
ABCA5	361	136	87	207	21	2299	0	0	10	55	0	0	19	99	1	38	511	260	96	110	221	17	48	221	32	117	70	4	50	0	25	9	162	39	3	10	48	6	40	87	6	738	8	43	29	70	58	5	11	40	47	121	252	57	0	251	234	188	268	152	40	57	2	73	39	197	11	14	7	2	47	18	0	266	95	0	21	118	6	13	158	168	2	29	19	34	7	128	76	264	149	249	15	20	11	308	107	4	32	20
ABCA6	84	30	10	15	18	17	5	4	279	39	239	0	111	12	0	14	147	272	159	687	14	6	42	4	61	24	15	84	28	2	8	47	157	134	9	177	131	44	8	182	134	54	642	132	413	343	31	8	15	0	76	108	140	409	199	1	351	12	16	28	49	96	103	112	53	41	200	335	1	270	54	0	40	33	29	2	563	83	11	19	36	65	6	0	0	156	19	432	52	18	111	117	71	0	234	303	84	108	33	16
ABCA7	18	11	11	54	261	196	109	5	3	112	39	8	136	250	35	48	0	71	14	0	86	1	1034	330	68	959	146	0	175	61	237	7	74	51	0	76	65	1	37	69	95	3	46	66	11	1	0	164	240	95	43	6	96	24	22	17	10	64	49	85	0	3	168	7	0	63	211	31	3	34	267	50	1	25	19	12	65	33	95	122	114	2	0	10	173	141	88	171	82	1	49	18	45	29	2	200	71	164	6	127
ABCA8	7	41	1	31	57	364	1	18	9	0	16	231	158	231	1	1	10	10	46	307	20	133	88	4	69	21	698	9	159	64	0	1	281	96	1	114	98	16	23	3	199	26	155	73	127	4	18	64	25	195	385	12	362	13	86	0	158	19	11	259	0	154	30	31	0	0	309	26	2	1	145	202	2	192	2	18	401	34	532	0	0	94	195	695	154	352	144	60	115	22	168	8	181	50	8	243	114	10	10	198
ABCA9	56	11	240	34	4	265	0	99	141	62	86	862	1	53	79	1	1	124	3	24	43	243	49	905	36	2	6	20	8	15	2	5	307	107	78	14	215	109	16	27	46	1	201	1	68	14	9	5	583	111	572	22	242	1	287	205	1	71	105	15	80	13	7	15	152	5	48	98	13	12	93	56	165	544	63	62	12	735	36	21	97	97	166	3	386	39	0	85	6	363	140	49	104	41	109	311	256	402	17	43
ABCB1	487	12	120	263	23	476	123	401	277	21	54	4	1	2	31	21	571	88	38	2	252	89	49	33	79	45	15	8	28	12	43	105	7	62	0	0	66	30	0	277	77	7	127	686	94	546	336	135	35	85	360	21	88	277	38	89	361	9	43	4	67	63	282	115	64	23	0	353	15	57	7	29	2	56	44	1	38	17	164	75	210	0	3	9	1	8	32	1	112	166	6	155	162	0	2	54	0	6	1	0
ABCB10	52	250	97	260	129	40	1	53	41	51	44	101	33	127	69	112	8	2	442	107	18	7	53	5	109	44	154	464	11	33	114	15	5	41	6	3	177	104	3	6	146	175	40	91	6	701	3	112	500	89	296	54	280	72	2	175	265	15	6	712	265	351	424	10	204	220	72	11	3	828	7	160	240	89	4	7	393	183	33	178	73	10	184	0	39	52	113	110	15	8	32	26	34	19	8	90	38	0	0	307
ABCB11	1	74	0	446	55	43	128	2	182	103	0	361	127	17	33	91	182	0	54	139	185	614	164	501	36	14	3	0	1	1	18	23	8	131	83	177	0	105	6	2	0	157	11	10	73	59	19	89	14	0	967	101	34	75	39	168	290	45	127	129	58	1	38	15	3	30	33	41	83	72	163	33	3	15	4	0	137	279	251	130	56	28	41	51	87	270	0	151	77	87	15	22	0	233	24	15	228	113	133	60
ABCB4	7	1	49	47	288	305	83	32	0	36	427	6	31	87	434	2	26	8	71	83	39	3	12	54	3	25	316	16	27	59	120	11	2	71	7	0	5	195	36	44	6	5	67	66	22	149	14	124	0	195	342	10	0	0	354	24	8	35	27	216	8	32	39	79	36	389	18	9	5	140	15	458	14	50	104	568	21	42	3	557	72	55	70	113	172	228	218	3	233	1	1	58	8	40	78	322	165	45	153	146
ABCB5	126	4	0	2	233	282	65	270	74	0	122	1	33	75	19	71	329	5	201	0	23	9	530	125	8	7	224	1	144	29	32	656	171	139	195	39	23	18	0	68	79	0	2	0	6	12	137	105	23	377	210	33	0	325	16	17	3	15	13	0	10	9	9	17	64	70	1	319	104	0	6	67	156	0	3	295	65	20	35	14	59	7	53	4	3	25	6	308	333	106	102	150	14	308	2	25	0	0	73	115
ABCB6	169	110	12	137	55	46	2	0	0	4	43	9	16	0	0	207	43	13	15	17	5	0	70	88	10	0	44	34	13	109	172	43	1	0	12	119	5	43	779	24	64	157	176	597	287	2	163	27	2	2	87	12	12	117	1	112	21	378	33	0	92	131	5	171	475	282	114	5	21	24	7	4	52	138	1	270	0	15	63	40	0	487	3	38	118	74	96	66	85	164	64	1	24	100	5	36	18	46	34	56
ABCB7	11	44	1	25	45	167	45	35	19	201	23	11	3	357	12	272	63	1014	2	448	100	31	1	122	13	2	1	43	58	15	70	12	505	0	219	1345	47	7	89	24	19	6	10	7	32	70	15	26	212	76	681	52	313	505	146	0	487	159	27	6	131	34	2	26	114	32	114	280	101	1	96	71	51	110	85	12	104	154	313	0	342	243	1	3	1	100	43	470	47	49	5	9	37	161	4	3	79	202	168	96
ABCB8	8	13	49	135	38	8	125	11	0	84	196	6	70	156	58	0	4	19	10	121	54	13	190	86	293	139	14	51	131	23	44	25	24	32	114	55	2	12	48	22	43	149	182	66	25	15	95	25	6	85	0	302	10	10	66	31	60	127	40	92	31	8	5	168	12	7	126	11	0	9	0	488	10	87	85	11	44	18	6	162	0	154	0	61	5	77	57	1	247	214	142	694	178	176	318	1	7	231	9	76
ABCB9	257	58	93	3	240	90	162	565	4	159	140	13	71	46	43	4	30	429	0	0	10	258	33	13	30	7	81	287	115	43	48	23	15	131	74	0	97	37	14	15	8	81	38	118	2	24	516	2	693	0	17	2	111	243	149	32	102	65	30	15	141	7	6	105	7	0	17	4	25	216	144	340	6	25	423	108	61	176	160	41	6	126	170	19	203	249	40	1	134	15	214	12	437	85	80	84	162	137	318	123
ABCC1	89	297	44	284	0	287	370	0	197	33	171	49	7	10	4	34	274	42	14	27	320	4	365	2	71	1	83	65	1	3	9	39	37	87	41	107	5	406	77	148	6	98	23	77	0	97	149	1	43	90	119	81	3	64	32	81	3	26	38	114	22	37	2	1	184	11	27	1	4	127	193	31	26	97	173	276	52	51	17	655	73	0	54	310	49	416	480	0	47	77	72	1	49	16	1	1	261	8	31	2
ABCC10	214	105	41	7	56	4	41	2	12	136	30	70	94	1	46	103	0	3	90	52	133	14	168	263	7	27	4	199	6	210	52	43	4	39	0	123	179	74	170	4	40	36	10	105	136	197	167	29	6	6	47	118	3	12	119	1	27	4	214	8	1	58	20	296	8	5	87	1	58	1	10	90	47	16	75	12	175	4	257	1	113	79	678	71	0	1021	7	2	148	187	283	8	0	51	23	193	4	159	47	173
ABCC11	157	4	115	35	40	22	22	20	525	7	31	150	542	4	41	0	141	26	47	102	2	16	94	78	28	84	0	63	52	227	16	11	1	213	262	15	141	0	22	37	0	0	163	315	9	7	6	215	206	402	21	64	13	100	36	10	3	87	108	60	207	17	216	350	404	3	58	96	4	50	33	210	76	488	605	0	69	26	8	196	21	112	2	2	103	127	225	195	86	101	25	22	22	106	0	38	89	322	11	7
ABCC12	38	137	94	108	46	35	447	89	33	17	16	107	701	147	17	29	35	50	38	244	54	31	1	44	11	92	355	135	100	0	72	137	4	196	134	75	6	31	178	19	20	346	53	92	2	0	119	7	4	260	0	48	32	1	56	31	66	4	208	22	0	10	150	1	2	18	16	86	7	5	59	57	21	227	6	108	115	1	143	13	61	83	7	8	13	34	14	61	10	31	137	0	58	16	455	6	145	24	34	213
ABCC2	17	41	692	11	132	42	92	82	31	99	229	0	13	9	60	92	26	142	79	301	7	155	89	15	65	66	132	302	0	87	41	53	94	73	32	9	27	37	6	471	257	280	128	87	0	317	44	76	0	0	210	103	265	189	57	11	64	105	14	3	147	22	5	20	0	43	26	6	63	240	1	6	64	11	1	404	286	19	130	21	17	83	44	0	28	1	1	251	52	461	31	12	92	26	256	43	156	264	164	96
ABCC3	182	43	64	0	0	27	74	68	59	126	54	177	486	146	2	501	414	65	1430	15	272	283	4	38	26	11	125	6	309	4	1	122	0	60	25	16	122	187	26	83	85	1	231	259	33	25	154	0	15	6	0	19	184	2	91	74	6	34	31	0	157	101	15	308	24	17	64	9	43	468	44	86	90	372	84	84	430	87	24	45	45	9	110	18	5	1	63	29	171	140	34	6	241	312	77	0	2	2	53	134
ABCC4	110	33	0	208	138	126	113	154	62	197	21	43	30	70	64	0	77	45	14	5	86	73	467	0	1	97	15	146	87	388	6	2	26	111	77	229	519	25	10	18	9	33	261	214	2	57	33	36	14	314	179	0	2	18	243	424	7	30	452	0	199	2	12	212	4	139	692	113	22	73	26	67	0	173	40	259	31	88	0	33	100	83	221	0	722	503	39	38	251	119	209	181	205	8	109	18	24	14	273	2
ABCC5	40	3	46	101	8	113	37	81	93	0	31	104	16	17	68	222	687	348	104	255	273	14	26	248	145	7	22	56	7	264	17	82	85	29	15	86	12	339	12	358	70	95	236	357	209	389	332	8	8	232	24	0	148	148	52	93	38	29	10	389	5	111	37	283	28	500	89	1174	317	18	257	19	32	52	151	10	839	47	15	11	128	102	2	1	13	23	0	131	98	12	63	0	18	19	231	30	11	261	3	141
ABCC6	20	87	128	4	0	731	49	268	67	1	0	72	92	41	41	167	28	0	23	19	82	4	51	237	5	77	70	7	90	114	17	247	83	2	316	284	16	23	44	15	95	64	6	290	0	14	61	129	274	31	5	30	2	50	4	15	4	0	59	12	86	162	18	69	13	104	84	703	24	12	62	84	178	4	36	70	128	28	247	10	41	82	140	47	19	160	302	139	57	0	3	39	18	0	23	107	92	4	4	20
ABCC8	27	53	11	569	30	363	1	3	40	20	62	91	19	156	1	6	234	18	9	288	93	54	87	24	17	203	0	1	268	21	40	46	0	12	50	101	354	1	0	23	34	133	20	3	13	10	18	222	193	307	29	0	62	132	88	94	54	0	12	85	71	0	8	35	58	79	3	9	24	34	49	368	330	1	224	391	281	35	678	23	4	155	24	38	235	8	22	358	297	58	19	177	939	29	264	9	226	2	132	114
ABCC9	1	110	120	61	101	5	23	17	15	56	136	18	32	0	147	129	16	31	165	20	8	245	35	170	13	1	200	244	54	43	73	3	202	5	64	158	12	18	318	2	436	256	34	202	30	61	27	30	16	219	32	20	0	243	60	26	54	0	55	79	54	227	176	10	245	25	151	25	107	77	110	64	147	399	65	90	0	0	168	806	66	510	5	5	4	3	278	44	36	102	0	28	4	147	1	0	33	175	225	6
ABCD1	71	338	7	17	38	154	6	58	0	4	18	3	780	60	57	31	299	2	542	0	75	2	141	4	2	222	5	185	40	132	106	38	145	8	5	0	207	4	1	237	84	351	39	0	302	41	1	51	13	0	60	89	33	105	215	173	54	284	29	229	1	5	53	308	8	91	221	45	94	28	227	350	247	2	253	171	0	23	57	257	16	0	58	0	83	139	7	91	1	248	102	48	0	85	149	3	5	34	132	457
ABCD2	561	12	199	2	0	19	157	7	353	551	19	12	145	234	16	1	148	2	293	154	220	54	356	24	0	56	3	103	38	70	0	205	14	208	11	237	191	22	61	34	246	608	34	3	29	270	387	111	176	245	11	208	77	183	58	16	29	0	0	12	101	4	175	62	143	31	45	319	88	1	364	22	43	319	103	23	27	5	4	2	14	488	11	81	213	166	0	22	5	44	90	235	67	204	165	0	8	385	50	46
ABCD3	83	316	244	25	30	61	25	38	7	151	8	53	52	12	2	37	8	109	19	22	53	19	19	314	195	70	151	40	1	311	0	3	4	22	226	6	5	312	4	200	84	626	12	43	166	170	367	16	8	0	0	271	601	43	15	73	383	57	66	1	189	185	357	34	26	58	9	12	162	142	1	78	8	237	310	562	125	78	105	3	159	21	95	89	291	449	28	115	3	0	4	2	77	2	119	278	481	4	13	30
ABCD4	10	8	43	49	38	46	7	201	325	6	29	858	0	10	0	104	371	14	21	19	0	213	313	796	748	94	14	24	31	0	215	389	150	23	7	9	322	84	10	106	48	60	4	60	51	4	391	17	1	174	1	23	85	36	26	25	49	123	38	25	19	234	141	14	1	2	79	120	75	25	68	2	1	27	0	145	23	4	2	2	193	441	38	90	3	1	3	12	12	51	57	361	321	158	165	289	0	379	24	1
ABCE1	14	1	67	70	231	33	10	95	139	20	83	1	16	48	160	50	323	65	19	1	170	6	50	144	1	7	436	191	53	19	159	187	164	503	32	14	1	0	85	259	4	13	1	8	5	15	20	84	84	76	107	10	293	292	428	16	93	24	0	73	25	276	59	24	294	264	21	291	58	313	7	53	38	39	852	54	7	37	67	39	51	80	14	233	342	75	2	93	18	309	83	5	351	36	22	113	409	148	11	17
ABCF1	120	99	121	9	520	11	43	14	50	45	397	184	88	165	17	51	21	2	307	45	41	97	807	444	179	47	83	471	8	14	49	51	244	70	113	93	92	51	2	12	118	6	155	11	519	19	0	183	7	272	42	54	107	14	44	258	21	227	385	102	90	49	0	26	58	59	1	5	44	375	126	35	222	6	50	394	41	31	1	40	358	134	23	14	68	101	3	445	42	2	90	112	227	5	1	58	174	0	10	9
ABCF2	12	0	0	5	14	323	2	558	47	54	17	15	33	108	53	0	111	30	19	590	121	88	41	245	0	98	31	15	54	43	7	76	3	1	299	38	235	43	213	178	54	83	619	137	78	3	53	4	52	98	4	11	88	4	0	30	2	4	86	184	1	2	265	2	680	23	180	0	168	0	75	4	6	6	8	14	4	718	68	86	234	5	298	38	146	0	80	169	63	113	183	141	95	209	72	212	197	0	49	0
ABCF3	0	53	11	43	36	241	44	76	585	158	32	45	141	20	158	4	266	650	126	203	616	3	0	310	1	150	1	227	0	58	4	1	41	8	124	44	5	114	15	10	65	24	45	584	51	42	22	354	17	21	7	54	15	49	209	19	52	6	69	222	129	0	404	9	276	14	35	153	21	11	185	89	24	1	2	275	21	21	2	136	12	336	100	214	13	112	0	35	7	29	3	69	21	7	357	20	3	106	4	43
ABCG1	57	0	12	165	247	86	142	298	156	60	11	5	407	156	3	134	11	134	3	1	19	5	227	10	249	29	45	5	0	3	82	163	276	108	226	134	9	26	195	62	6	2	52	695	228	407	95	1	41	20	9	3	0	10	5	165	446	18	140	10	170	56	36	108	9	38	95	62	72	41	43	45	336	209	9	11	41	33	87	23	20	58	258	1	15	460	0	74	51	718	5	145	113	120	6	21	169	2	3	39
ABCG2	30	28	119	3	1	31	232	141	258	168	181	2	2	184	191	120	59	0	215	47	151	2	45	703	78	545	55	65	95	94	34	10	157	74	0	3	2	43	168	34	58	1	71	34	34	13	5	309	306	63	72	12	1	29	26	108	24	63	5	47	1	1	146	3	44	5	6	1	2	0	81	89	114	43	115	5	50	85	115	7	13	42	386	43	1313	977	4	17	176	117	0	304	59	166	114	41	4	754	114	71
ABCG4	307	87	115	31	165	215	569	259	169	501	5	26	52	7	62	421	42	31	2	75	112	45	29	3	93	101	104	0	0	69	64	141	330	1	0	247	320	188	161	1	90	53	83	169	217	6	130	1	582	3	50	2	244	35	38	35	15	78	138	106	37	207	32	34	46	6	41	29	0	123	209	18	12	8	58	76	0	1	39	15	103	128	153	430	109	6	0	5	29	4	2	22	6	3	633	129	2	111	53	155
ABCG5	597	6	6	2	14	4	53	105	1	1	0	198	516	147	34	158	144	181	4	2	60	0	12	136	0	48	9	8	52	210	44	5	83	0	19	111	41	167	8	49	215	42	42	82	24	1	137	224	139	133	46	1	0	107	164	228	15	29	91	483	50	0	21	30	20	11	48	52	115	250	0	7	103	144	7	450	147	393	27	18	3	0	19	15	27	248	0	119	208	20	339	14	62	47	86	36	148	1	601	215
ABCG8	1	3	46	35	93	4	15	371	4	25	10	621	240	266	26	12	171	134	302	5	71	564	108	35	53	341	87	241	27	70	4	5	43	0	146	9	157	142	351	2	10	63	6	7	33	377	43	4	18	528	5	45	178	89	165	31	276	261	1	12	8	157	88	623	166	130	13	114	156	0	140	277	86	19	49	147	4	3	47	0	133	415	40	38	272	597	36	3	2	13	11	120	106	80	111	78	4	19	37	18
ABHD1	41	10	27	8	0	1	153	46	5	1	1	238	72	9	117	63	13	0	351	342	13	55	182	329	67	43	165	635	28	525	137	30	1	4	71	56	58	35	3	11	11	54	7	82	11	120	302	12	895	122	969	91	135	369	63	313	0	0	234	512	1	52	0	9	76	0	45	70	180	73	2	13	148	29	48	2	1	17	1	61	76	7	30	26	253	28	36	14	24	78	87	1	124	29	220	595	113	20	140	84
ABHD10	181	29	7	57	205	705	4	81	68	85	196	159	276	8	0	28	0	24	202	2	115	13	11	235	0	121	131	1	61	126	138	1	67	91	51	24	29	108	1	71	42	23	64	215	0	10	166	472	84	5	23	25	572	343	111	106	29	70	96	38	0	330	53	31	21	50	351	14	2	77	22	4	196	11	24	39	3	1	143	262	340	244	197	72	12	51	25	383	6	0	67	53	3	112	61	245	16	132	2	106
ABHD11	66	2	1	31	6	3	321	17	31	129	637	32	4	17	4	18	103	77	51	653	35	61	0	60	12	14	169	456	37	110	1	0	1	50	24	55	4	27	51	0	0	64	34	31	152	2	88	4	32	445	97	10	97	19	0	2	202	4	64	291	11	10	11	119	5	39	109	77	29	133	17	334	424	0	0	0	42	1	221	350	35	0	33	43	13	33	195	20	58	7	340	166	87	4	58	65	595	121	0	0
ABHD12	262	121	2	2	122	1	3	38	50	156	56	175	12	68	0	3	15	47	209	19	79	237	18	1	10	66	308	4	22	4	33	0	59	10	72	109	65	9	51	8	252	6	157	9	93	0	316	69	20	43	784	20	6	105	10	90	185	16	29	337	0	2	100	33	74	23	347	6	284	0	260	1	49	46	219	183	88	354	79	14	176	537	32	37	6	8	12	15	238	172	266	69	427	179	157	64	119	12	113	72
ABHD12B	265	0	0	121	40	2	72	52	104	0	20	29	3	262	464	1	0	6	0	37	21	60	7	303	474	107	9	182	145	10	18	189	1	315	695	40	3	149	45	0	2	51	27	23	9	55	151	23	87	25	21	0	358	49	285	278	560	5	0	116	19	18	0	0	10	4	0	40	6	0	72	57	6	49	75	276	14	90	7	7	419	290	7	0	0	106	194	113	134	12	43	205	49	137	8	136	381	160	115	303
ABHD13	95	63	26	42	66	7	8	0	2	85	22	8	3	12	2	173	61	276	83	1	1	2	204	337	1	61	0	316	2	34	140	540	11	11	14	25	79	84	80	33	36	20	149	2	146	2	394	221	681	12	0	16	116	125	154	2	23	122	401	0	57	36	19	80	0	224	137	137	11	8	1	117	650	3	96	35	11	28	4	380	15	43	220	125	65	3	72	13	25	1	145	588	17	245	212	11	481	194	19	0
ABHD14A	163	0	10	4	360	2	54	1	53	224	59	0	36	10	4	42	9	12	410	89	45	31	556	5	10	71	479	32	34	20	314	315	0	19	16	51	121	0	11	85	16	26	24	215	306	211	78	690	171	104	8	166	44	8	100	311	233	93	696	33	38	425	31	46	19	43	225	83	200	192	405	17	230	331	32	185	6	1	267	46	6	270	513	24	39	132	7	1	260	96	69	8	5	53	10	141	79	15	183	24
ABHD14A-ACY1	157	0	14	87	73	0	59	418	1	78	81	0	54	176	26	5	12	101	12	519	7	62	277	11	36	2	117	22	63	15	8	0	191	15	265	78	40	1	193	31	3	64	10	43	106	89	3	269	0	21	294	218	12	1281	8	3	5	33	40	8	4	112	30	13	2	64	16	165	185	206	0	366	29	40	0	63	2	336	243	3	4	218	111	154	263	48	4	64	268	57	105	229	174	303	1	0	2	2	21	22
ABHD14B	41	101	48	99	0	55	44	10	7	28	13	96	21	45	158	89	33	0	36	125	96	114	6	88	85	107	2	21	17	9	50	232	47	100	89	158	0	83	40	240	16	0	11	33	73	3	112	228	44	23	11	655	5	344	15	4	65	111	174	8	7	0	50	205	1	377	78	0	593	23	33	80	36	185	6	13	109	1	149	12	5	29	0	3	27	78	4	5	323	19	18	33	190	27	7	197	204	649	48	578
ABHD15	142	172	7	1	197	3	30	5	69	30	37	59	11	390	4	0	87	114	0	137	21	0	4	17	125	2	65	18	103	481	33	84	44	2	53	21	299	107	45	21	2	0	42	55	346	188	75	21	1	68	41	8	0	11	8	115	0	63	39	199	239	105	32	117	7	18	2	10	33	41	56	4	1	4	458	1	41	151	2	14	231	384	53	1	5	16	9	9	1	1	3	544	382	127	1	49	5	30	10	1
ABHD16A	62	0	94	47	108	1	0	67	0	67	0	418	117	364	485	53	15	2	14	9	164	15	63	0	412	3	301	257	3	11	24	69	35	8	0	211	245	45	5	0	45	0	11	33	1	0	2	75	197	1	5	16	99	102	2	3	23	150	17	60	1	18	56	36	21	6	11	6	10	223	61	0	23	52	77	79	160	182	73	20	13	126	15	128	6	61	13	181	608	68	29	162	3	110	76	149	162	27	38	18
ABHD16B	12	2	1	183	293	78	347	78	33	176	12	53	40	28	169	60	0	86	154	0	52	0	65	35	414	14	0	378	431	116	229	4	12	1	384	57	170	2	40	265	16	15	146	93	43	25	12	15	397	0	134	108	84	46	1	212	161	6	89	369	291	17	1	5	1	2	28	2	43	406	27	138	19	67	13	56	27	78	174	313	78	11	47	78	11	4	884	0	368	82	147	80	31	308	7	9	0	0	9	33
ABHD17A	187	21	4	91	90	69	40	37	16	291	32	32	8	56	5	5	0	95	425	206	338	8	119	8	41	56	0	287	432	9	14	16	0	29	0	56	3	22	2	0	100	85	36	0	48	160	307	916	98	4	98	64	52	212	34	18	1	163	19	272	4	5	12	30	68	250	3	648	64	9	2	10	135	210	44	50	211	101	2	39	820	69	41	636	4	203	104	98	31	118	345	331	5	171	185	200	175	18	63	67
ABHD17B	10	191	1	24	149	254	6	0	0	193	24	61	18	364	102	137	6	219	159	7	46	112	83	13	80	19	98	49	3	16	37	74	0	38	550	212	8	0	1	3	51	16	13	9	424	3	190	42	12	30	145	0	9	13	263	104	53	206	171	0	460	429	55	66	170	78	0	0	148	129	190	9	2	23	7	10	1	120	4	1	192	18	85	209	292	30	0	11	457	126	181	383	18	0	26	25	434	83	498	259
ABHD17C	112	107	174	154	4	36	54	27	105	5	29	31	1	87	315	218	0	1	240	0	403	145	7	20	4	64	8	0	20	9	12	0	170	9	49	57	40	42	53	0	88	0	0	36	61	434	74	30	142	298	24	2	78	1	170	20	37	115	322	46	6	4	12	44	2	43	0	30	21	21	16	14	103	0	25	304	187	54	228	13	53	64	234	1	38	172	62	35	135	426	67	289	259	1	2	217	1	26	44	84
ABHD18	3	1	155	537	64	283	143	129	67	426	65	0	93	10	11	287	87	169	24	96	2	6	274	46	98	115	52	80	178	0	21	340	99	693	156	30	378	0	4	31	12	154	142	116	19	150	294	30	344	80	1	309	7	60	31	35	454	46	121	1	23	1	182	0	10	0	184	49	288	1	34	311	92	8	292	125	128	30	83	5	1	284	112	0	6	72	169	356	41	221	13	58	20	364	209	94	89	207	16	310
ABHD2	31	6	7	3	1	232	8	8	74	24	2	72	0	40	0	124	6	27	73	54	21	39	19	55	4	5	0	465	57	9	86	25	11	27	99	33	57	1344	111	19	1	7	11	49	3	53	176	30	10	16	38	34	83	18	3	4	0	240	234	44	62	70	32	97	17	1	0	181	36	89	584	427	2	507	425	131	46	146	1	1	14	4	6	0	142	54	37	178	11	5	3	59	62	0	77	75	23	23	24	4
ABHD3	9	49	19	0	0	206	163	11	62	74	163	1	68	92	87	7	164	101	149	388	253	1	425	66	18	32	4	5	12	199	229	88	6	1	1	497	49	13	0	569	3	26	208	3	28	20	3	6	178	91	29	170	80	12	24	25	27	73	2	91	76	17	85	45	60	595	13	206	20	390	22	2	155	152	52	95	116	15	4	63	32	83	42	62	500	1	44	13	174	150	130	6	264	383	0	72	39	156	525	100
ABHD4	406	67	0	47	84	161	14	114	42	85	175	37	4	40	35	9	8	0	338	225	655	8	403	325	10	1	170	55	46	181	0	66	19	3	114	29	2	147	0	312	339	0	36	39	71	510	340	57	34	11	31	34	58	12	119	117	0	168	5	59	2	39	59	50	247	22	0	3	0	85	3	47	33	99	257	24	107	61	50	55	13	0	171	335	44	6	582	601	85	175	29	248	252	4	7	32	885	55	59	65
ABHD5	230	49	6	83	5	158	2	20	335	80	3	44	161	182	25	74	234	0	116	52	2	18	110	18	1	0	80	146	441	72	1	0	4	0	33	0	392	75	6	0	6	0	38	43	403	25	29	8	167	65	117	1	26	31	112	198	28	502	464	293	41	367	0	47	90	141	133	195	34	19	13	185	49	5	106	150	39	0	237	104	175	4	293	357	0	32	16	0	26	344	4	20	165	166	340	10	29	7	139	27
ABHD6	46	219	607	134	270	236	46	23	210	88	142	12	55	1	39	21	55	48	16	1	147	173	221	181	2	86	63	1	31	276	3	1	340	15	48	9	54	54	29	6	14	2	173	25	77	0	124	31	20	89	270	41	14	50	78	173	0	253	40	137	1	103	0	37	1	46	59	56	108	6	3	7	2	24	32	161	2	102	390	350	23	11	110	20	134	45	204	74	124	160	96	0	59	236	55	68	61	145	22	200
ABHD8	26	96	384	139	85	0	507	7	11	66	17	47	0	14	34	62	68	0	27	156	153	171	105	62	0	231	14	48	0	6	115	32	52	58	0	47	10	635	39	68	12	5	28	12	36	14	71	16	14	25	1	48	1	34	25	0	30	8	42	12	337	161	294	116	609	161	104	686	46	64	86	73	205	128	3	331	0	179	1	3	56	1197	110	265	119	38	47	242	79	28	1	20	4	0	30	400	26	22	55	66
ABI1	334	174	19	159	411	3	8	135	14	33	236	28	1	19	86	65	0	10	254	863	61	31	0	442	2	21	40	0	333	3	596	188	31	1	15	342	12	56	63	56	32	4	114	12	3	24	6	187	67	29	22	1	5	11	396	948	121	114	1402	38	108	73	45	0	1	144	48	58	117	47	509	2	498	186	6	30	0	38	2	12	50	355	36	18	2	36	14	372	111	33	106	6	2	14	805	0	8	10	2	0
ABI2	384	1	0	9	250	146	4	7	16	106	0	4	105	146	2	28	5	19	150	49	9	755	224	9	0	253	54	47	21	56	12	17	3	63	2	87	273	1	23	337	14	37	157	7	4	0	130	195	81	135	13	25	22	807	51	40	4	157	44	410	144	25	221	289	75	26	645	6	5	15	65	66	4	64	223	2	50	8	98	278	0	7	125	5	377	236	0	102	15	498	229	851	16	372	193	251	86	22	200	58
ABI3	164	7	6	74	18	8	57	22	7	44	275	45	250	417	434	109	516	55	17	3	134	3	77	0	82	56	18	3	53	14	2	4	23	0	171	6	198	91	85	152	7	1	115	142	31	16	155	466	62	1	214	14	0	2	185	0	35	376	155	4	283	40	24	20	364	102	32	42	0	135	8	3	7	43	126	194	10	25	266	5	88	47	86	58	5	0	14	42	16	102	65	7	88	15	98	9	34	3	0	1
ABI3BP	15	115	24	3	26	17	349	285	22	92	55	75	17	20	112	269	95	213	8	556	14	478	24	16	3	44	0	10	317	542	1	195	14	0	6	9	53	18	14	4	86	329	3	85	74	56	28	104	54	2	134	31	3	1	0	27	1	1	67	317	9	7	198	0	223	0	95	138	190	1	3	131	59	12	519	156	125	19	5	63	5	7	270	122	24	4	129	188	83	14	54	51	12	154	1	0	43	35	424	0
ABITRAM	174	377	347	221	6	430	175	13	18	13	0	10	79	35	0	1	83	44	78	32	20	0	61	29	18	17	2	125	69	45	78	0	320	28	52	19	20	52	11	365	102	9	109	5	0	149	72	42	137	4	0	40	79	14	15	158	270	15	3	4	13	133	23	30	341	1	0	121	5	12	1	88	493	5	0	258	231	128	10	58	69	1	8	0	52	48	48	118	3	243	342	106	62	63	203	223	46	9	59	171
ABL1	0	5	52	3	36	4	422	228	117	23	39	31	145	21	209	1	125	22	47	25	28	3	30	6	408	142	126	61	76	272	7	251	22	660	187	7	777	1	222	0	85	41	80	56	8	45	0	72	110	45	159	4	28	0	4	18	113	24	307	14	61	144	32	67	28	17	10	109	3	297	8	155	144	22	20	48	71	5	13	3	7	5	23	6	48	645	29	320	6	3	236	52	247	1	482	29	166	105	0	8
ABL2	170	39	129	269	0	79	132	0	73	169	69	11	61	186	61	148	232	7	36	145	11	225	69	0	75	19	152	211	298	136	23	97	0	75	1	159	29	168	5	5	29	11	55	30	21	70	63	34	170	0	85	141	0	1	160	142	0	0	5	101	272	306	324	238	13	296	340	79	197	27	66	359	290	25	6	41	5	89	19	9	176	1	22	49	19	17	3	6	0	39	234	0	301	31	25	162	91	145	156	19
ABLIM1	44	92	12	370	0	2	0	218	41	117	3	372	63	23	53	2	13	159	209	71	217	64	440	202	58	11	48	337	3	5	127	108	8	24	25	0	109	27	104	39	1	104	94	35	103	190	20	487	57	2	159	1	0	123	139	181	232	53	4	54	9	192	41	68	322	17	141	315	18	136	410	23	314	0	234	605	30	0	1025	0	0	63	107	246	169	86	88	43	38	58	83	5	346	25	141	23	176	5	116	25
ABLIM2	420	51	74	0	10	44	44	33	123	167	0	422	21	0	55	78	0	7	17	57	195	71	65	17	13	38	3	106	115	21	0	1	107	56	27	1	16	5	177	26	435	46	359	286	16	17	1	289	20	359	275	7	15	15	9	2	121	16	1	10	0	112	0	12	18	202	49	220	163	8	7	32	27	157	44	63	0	6	8	309	8	6	19	139	205	42	175	139	4	132	5	195	126	768	4	91	5	31	0	7
ABLIM3	64	180	20	63	5	400	194	279	166	7	94	58	180	12	3	96	30	50	102	40	25	528	33	2	12	94	1	237	23	60	0	229	449	302	126	20	85	173	221	188	19	14	38	8	441	70	25	8	1	2	0	6	8	84	46	35	91	312	264	12	531	0	32	22	114	25	101	109	47	0	5	27	3	14	18	151	132	85	0	189	232	33	3	2	22	233	41	7	96	48	363	710	140	196	178	80	602	4	149	173
ABO	31	0	12	61	39	44	0	11	2	47	81	29	9	90	3	172	75	4	0	46	21	1	186	56	104	114	173	104	3	108	0	100	839	97	163	214	111	2	310	283	9	9	57	64	50	1	20	7	217	17	75	211	103	180	299	248	3	58	11	590	102	833	25	0	0	19	1	53	25	149	35	14	7	33	91	6	62	2	119	2	237	12	0	35	357	836	1	12	34	61	162	0	54	281	65	18	14	6	27	0
ABR	88	7	64	58	5	315	0	280	133	103	93	6	50	4	201	124	28	135	84	80	21	226	27	154	29	0	0	650	178	96	128	356	18	409	6	60	55	3	69	4	50	124	0	279	10	113	62	24	78	120	26	0	237	94	5	0	1	276	4	434	43	2	4	33	56	51	216	32	41	230	272	182	64	197	42	123	151	15	80	185	6	386	157	0	7	205	3	141	43	34	141	57	9	612	159	0	75	0	9	288
ABRA	141	160	74	284	10	110	169	332	3	16	28	269	281	0	232	10	707	189	1	106	16	0	128	2	23	101	0	2	19	22	1	104	4	36	0	17	253	88	49	104	68	0	122	29	9	0	20	18	36	32	25	85	79	53	5	162	35	99	0	21	52	36	180	53	191	38	99	62	245	320	61	13	142	7	106	370	269	64	115	68	748	81	82	44	44	63	343	112	14	437	0	109	34	1	27	130	413	12	105	8
ABRACL	185	4	11	0	7	674	51	13	190	233	14	96	302	0	161	19	132	36	197	1	413	3	49	12	66	92	0	3	214	26	0	89	26	71	200	104	10	73	0	1	121	6	51	167	73	202	263	59	36	75	137	35	6	63	12	345	104	0	51	46	54	189	34	3	55	2	1	53	1	269	21	97	33	162	221	149	98	42	45	103	21	17	203	408	58	53	46	97	224	13	77	178	61	131	44	74	24	146	0	0
ABRAXAS1	0	17	25	99	41	79	59	104	7	222	380	162	2	8	184	10	80	283	49	344	8	12	59	51	118	13	198	10	53	2	65	43	40	88	44	428	74	15	95	65	0	11	79	60	252	15	7	561	0	62	294	56	9	1	222	67	153	9	15	495	101	2	14	18	153	36	118	9	0	14	6	6	197	33	72	60	42	0	10	32	0	24	128	451	29	264	46	66	149	9	29	110	5	76	112	3	65	117	4	23
ABRAXAS2	634	0	34	36	73	330	2	10	166	74	43	41	26	25	130	108	111	167	21	136	24	397	87	43	76	1	4	168	49	104	105	330	0	0	53	100	18	198	63	0	96	150	77	308	276	0	81	94	0	42	499	54	146	101	77	162	170	9	3	7	41	257	249	170	41	391	22	14	174	20	27	247	54	0	17	268	161	1	350	12	169	0	56	278	37	6	255	44	34	293	63	31	42	172	123	435	170	19	111	37
ABT1	146	11	53	24	6	24	38	19	31	23	43	200	40	2	105	68	22	74	226	843	64	0	36	1063	109	10	180	17	166	84	83	26	6	38	2	196	0	76	130	32	3	189	31	9	0	0	54	359	22	18	7	349	859	29	46	169	13	0	5	5	5	11	35	496	773	251	15	438	34	6	162	9	11	6	45	41	156	0	269	3	75	33	308	31	25	49	13	7	9	98	158	64	24	112	3	79	551	522	101	43
ABTB1	200	9	40	5	182	0	33	2	1	35	176	21	186	2	13	22	65	5	41	193	226	244	35	2	71	11	17	2	194	263	6	76	41	139	141	12	7	5	9	27	27	115	3	6	3	213	22	20	159	46	32	240	8	20	11	64	38	0	1	7	17	192	2	63	126	178	155	23	63	49	2	326	55	10	0	4	62	2	112	600	154	1	303	1	0	172	39	0	8	0	62	104	707	69	48	21	62	3	10	137
ABTB2	49	16	141	95	91	12	1	114	80	57	133	73	64	112	13	109	142	9	49	12	8	4	10	288	88	59	0	0	19	587	200	311	44	36	16	105	635	0	61	5	5	8	93	181	98	23	85	439	0	8	101	16	1254	41	103	19	12	495	118	11	32	26	106	292	40	1	133	13	97	64	271	106	77	9	14	76	0	282	1	155	90	726	0	0	317	1	30	131	0	37	0	250	123	122	127	97	10	1	3	0
ACAA1	2	24	60	105	0	112	14	30	30	2	9	25	421	9	27	5	25	29	2	17	65	137	10	15	148	7	103	68	33	7	1	165	307	150	62	10	220	300	41	123	152	268	49	228	16	352	144	3	30	0	86	207	329	193	10	5	68	188	13	4	10	48	58	85	112	52	12	0	849	15	26	58	416	9	59	90	38	119	323	167	40	73	22	128	51	121	3	15	6	25	109	55	61	33	23	10	0	41	119	46
ACAA2	79	3	11	65	3	49	40	38	0	40	28	469	115	2	392	14	0	2	0	596	33	248	132	398	24	293	154	65	19	43	114	37	214	69	254	285	14	95	29	31	41	19	9	47	3	622	6	135	0	56	26	157	60	113	28	94	643	0	1	325	9	16	10	28	10	126	20	62	62	158	345	20	203	112	16	329	137	30	294	8	45	5	4	41	780	16	112	2	346	23	297	367	238	219	357	171	369	183	7	17
ACACA	2	11	56	142	324	33	82	1	234	150	22	50	15	571	68	92	69	1	121	4	236	272	185	146	96	47	122	187	103	477	192	218	26	40	2	101	5	487	79	184	2	133	44	0	17	445	32	0	617	86	0	284	5	267	52	4	2	32	28	52	7	40	5	20	0	59	89	4	45	31	31	221	0	0	0	305	65	80	160	8	26	11	119	84	8	80	9	73	109	0	77	662	1	168	58	14	162	0	10	38
ACACB	0	1	132	170	12	377	50	1	388	161	318	600	231	2	27	218	270	0	271	196	5	0	25	64	51	37	81	43	41	137	88	190	238	156	11	61	51	350	99	0	240	33	26	25	0	139	230	1	132	91	89	112	9	38	780	75	7	341	126	1	51	102	190	524	8	97	42	52	1	1018	21	279	78	3	856	12	264	24	13	61	161	69	2	13	133	465	40	232	10	198	73	136	1	62	86	7	45	20	88	129
ACAD10	0	0	0	207	112	725	211	113	3	38	45	47	162	204	116	5	0	8	150	271	89	57	141	36	48	130	1	248	1	11	581	333	62	28	3	102	52	30	204	5	349	199	76	43	23	166	0	2	35	4	28	148	23	57	118	40	144	501	29	11	16	90	119	1	26	76	22	8	162	39	240	145	6	2	129	21	282	76	100	494	56	11	122	75	15	25	47	5	378	1	235	15	30	122	92	7	43	53	0	87
ACAD11	23	156	15	4	114	34	0	24	41	19	93	77	247	87	3	0	31	133	0	81	27	76	86	49	0	6	152	183	208	91	2	31	28	464	0	31	162	737	39	1	5	821	355	1	28	114	52	145	306	16	14	119	182	23	182	134	132	0	128	126	29	416	68	279	0	12	25	1	35	81	310	43	136	48	56	69	170	41	16	32	140	53	9	3	245	307	113	16	3	93	11	90	185	107	12	4	134	39	419	2
ACAD8	13	772	1	104	146	236	14	6	47	160	317	282	108	9	49	274	0	129	1	35	4	26	46	6	12	0	1	171	5	53	17	28	43	23	562	47	45	125	10	10	33	60	9	162	99	15	161	527	75	89	410	2	72	337	1	367	1	44	252	0	35	521	310	262	2	6	32	422	35	16	442	45	270	0	102	18	126	8	0	51	105	7	0	14	41	123	129	103	67	31	42	6	351	78	75	170	140	100	34	26
ACAD9	247	28	108	11	1	308	25	1	0	194	47	80	97	10	300	169	79	470	8	106	305	0	1	23	73	2	390	18	5	68	28	223	14	82	55	45	8	15	1	67	67	33	2	0	3	6	134	40	75	84	0	22	5	21	84	51	1	0	104	57	351	4	19	9	50	5	129	2	1	71	212	183	75	1	245	15	139	2	2	53	40	76	12	277	42	17	95	3	68	10	22	7	13	81	234	20	124	54	111	77
ACADL	0	7	136	687	69	72	105	22	0	186	2	62	141	23	84	101	0	80	80	2	0	202	2	321	46	2	17	4	0	2	191	120	1	107	66	53	9	62	1	6	9	166	149	26	358	82	20	36	95	21	46	9	285	26	3	0	74	13	113	0	116	56	32	173	52	94	14	132	289	2	78	16	4	4	383	319	140	252	4	140	5	5	9	57	85	7	2	114	42	48	0	0	81	22	15	57	53	75	22	8
ACADM	6	62	162	8	1	69	204	16	4	10	205	73	89	52	7	32	281	163	45	6	23	40	26	9	84	100	90	120	70	266	49	10	157	40	24	4	28	425	110	90	10	38	229	74	49	8	83	10	150	141	182	212	106	45	40	452	32	9	185	272	18	6	184	51	24	19	1	83	40	74	4	65	42	0	9	6	4	114	4	2	364	63	89	31	28	100	331	305	266	91	41	253	67	2	13	13	37	226	47	100
ACADS	7	11	78	2	3	115	14	88	58	212	13	0	23	129	102	173	0	30	3	206	93	33	1	3	60	4	177	54	14	156	78	69	21	71	96	1058	78	27	3	25	6	48	0	475	26	29	155	57	111	26	74	108	7	129	46	216	4	57	40	65	182	116	8	475	7	11	8	170	0	17	64	52	20	31	61	28	49	23	14	96	18	24	112	7	9	80	104	30	81	3	170	26	0	964	76	0	18	7	0	72
ACADSB	31	0	325	23	51	347	0	4	62	214	74	61	95	1	254	124	330	8	13	32	87	0	1	250	153	602	601	480	265	86	43	44	0	28	0	33	13	128	265	0	0	231	0	373	29	201	2	505	1	349	11	0	0	292	0	5	66	677	0	13	214	1	107	159	14	47	12	320	2	381	75	0	359	48	6	14	1	6	3	71	238	18	381	135	33	503	192	40	4	2	11	0	2	14	11	0	118	0	28	65
ACADVL	32	1	3	135	4	59	27	61	363	6	25	4	60	2	514	51	213	21	15	0	1	93	25	34	14	119	2	20	107	154	103	0	138	29	18	200	0	733	212	28	34	46	65	21	27	68	54	5	0	24	7	220	15	55	48	17	87	148	146	1	80	686	14	249	112	69	2	67	336	371	547	45	3	32	3	153	98	296	99	236	32	70	75	50	43	136	1	161	60	42	37	1	16	12	3	564	22	78	30	0
ACAN	11	210	26	48	290	66	57	65	47	120	139	112	30	46	248	44	1	71	25	53	125	118	171	149	39	0	163	123	566	33	12	0	50	21	1	77	254	105	20	300	4	112	63	94	269	54	25	1	13	8	37	38	200	186	8	6	57	394	114	194	347	159	45	15	58	240	9	29	166	22	0	0	53	0	3	8	5	64	6	202	10	20	2	87	6	26	53	32	0	10	0	480	6	90	90	0	158	72	1	1
ACAP1	904	36	0	8	3	0	55	37	3	1	6	97	483	3	248	227	24	70	147	9	0	6	143	1	183	40	7	22	3	158	16	40	0	126	23	0	160	95	266	33	5	15	124	4	130	1	4	153	0	69	82	197	85	112	173	18	439	39	52	184	1	7	20	9	4	29	23	71	230	145	0	1	0	2	100	54	0	349	4	4	23	666	28	98	3	517	18	7	3	112	0	0	0	17	44	97	126	86	59	58
ACAP2	215	1	85	6	4	25	0	62	4	25	262	154	5	3	2	193	21	20	9	21	9	13	170	28	156	31	91	8	93	4	128	155	42	187	0	70	106	10	442	27	6	50	202	328	14	7	155	27	261	3	45	163	58	8	236	7	14	12	253	639	222	154	2	4	2	33	79	19	554	3	4	254	18	32	84	43	132	72	6	46	71	32	44	45	62	243	21	67	62	96	40	26	3	47	349	46	82	51	159	45
ACAP3	42	62	48	186	385	54	187	63	377	134	328	236	10	0	95	164	233	48	6	51	35	97	64	105	3	3	26	88	301	0	25	1	4	107	35	42	35	277	64	22	0	0	103	0	44	15	14	160	135	20	0	50	43	16	1	5	46	8	418	239	2	124	30	174	156	300	90	0	47	157	166	7	112	42	0	191	13	145	17	151	4	22	64	251	14	9	43	35	0	235	317	46	119	199	61	6	17	219	0	379
ACAT1	803	35	135	43	0	22	175	421	337	108	10	29	1	6	159	5	103	131	76	49	154	18	346	56	0	8	61	16	13	95	1	0	36	9	485	51	2	147	26	38	63	9	50	77	0	0	183	116	130	81	29	86	113	29	44	1	176	41	27	69	372	21	158	48	37	58	4	33	38	264	381	32	79	26	20	36	168	40	336	11	32	121	49	383	81	92	31	8	199	62	14	8	77	22	133	84	62	81	0	139
ACAT2	184	213	0	76	189	46	142	220	9	50	202	433	380	319	159	96	19	453	54	4	0	47	204	97	0	165	80	11	0	21	286	14	20	321	81	255	118	17	626	1	2	29	0	4	23	91	89	42	3	162	118	47	54	168	27	245	80	38	4	98	61	21	0	14	537	16	0	4	176	0	124	34	229	19	311	303	113	121	21	43	46	4	23	7	10	494	85	0	71	3	57	2	2	49	10	49	389	323	208	6
ACBD3	21	13	245	225	26	3	129	15	52	34	149	441	55	14	203	33	91	3	2	57	234	224	42	291	0	373	93	80	8	5	11	10	4	0	62	255	106	828	48	177	660	42	114	116	28	8	249	9	165	182	603	1	11	57	2	8	142	2	429	24	0	3	18	385	56	2	319	128	63	0	0	0	164	68	0	54	187	58	67	29	216	5	74	161	87	46	70	82	42	320	4	22	101	139	25	94	69	8	74	138
ACBD4	0	348	0	0	79	9	48	0	0	221	25	16	2	229	1	37	84	32	3	0	47	409	179	58	30	105	46	684	35	261	31	22	37	89	356	246	90	0	2	31	62	0	151	45	2	0	89	17	69	100	123	3	0	23	8	120	66	22	11	259	62	205	66	7	455	2	84	9	25	357	37	19	2	5	53	12	1	4	13	13	66	130	274	65	24	145	104	20	309	91	45	309	0	96	419	351	22	283	36	19
ACBD5	15	77	307	25	205	302	13	146	1	18	322	348	274	313	55	84	89	103	42	64	104	11	146	260	75	37	0	228	0	31	106	515	29	22	877	28	149	60	12	45	2	4	0	6	51	28	80	65	88	133	461	178	13	149	5	0	81	5	183	163	301	4	196	15	657	3	3	71	357	4	44	813	15	111	23	33	32	38	267	171	1073	380	373	0	18	10	185	194	35	19	5	9	228	244	121	246	58	61	160	405
ACBD6	5	19	6	666	757	0	2	7	4	12	786	1082	19	38	46	67	77	26	73	21	192	43	4	39	6	17	10	63	239	28	0	28	6	2	81	3	48	5	30	18	7	84	154	3	73	31	9	1	5	10	139	24	137	8	378	43	101	9	4	11	0	223	0	6	344	3	44	35	177	30	2	172	12	234	34	1052	118	72	102	19	132	0	124	60	4	90	0	27	4	1	329	158	2	106	48	4	5	11	502	27
ACBD7	331	505	103	144	0	61	23	1	264	10	115	1	345	111	193	60	167	123	84	54	606	380	162	8	182	135	51	1	429	42	26	23	100	0	79	686	780	0	179	9	267	30	41	372	52	91	221	25	2	166	76	28	24	0	0	299	20	335	40	0	17	0	29	66	17	20	30	68	443	0	19	128	4	47	135	22	73	120	2	122	25	3	22	9	2	14	83	53	12	102	220	227	136	22	4	461	3	6	0	69
ACCS	4	9	2	73	85	51	63	489	58	54	53	9	107	0	37	94	53	42	3	106	218	26	27	15	75	14	114	239	2	65	79	24	7	95	282	369	56	3	30	97	124	0	71	0	53	98	339	2	134	198	69	8	35	79	30	4	5	13	92	80	247	3	764	0	108	40	1	5	434	22	2	351	11	2	87	44	21	21	121	15	9	119	218	177	5	48	6	22	15	15	94	15	4	78	31	60	4	11	69	40
ACCSL	52	230	10	23	116	566	38	7	114	8	142	49	117	50	84	0	16	6	58	64	50	0	121	5	123	33	0	195	198	1	99	209	17	12	11	9	381	34	68	58	122	17	3	5	59	29	129	35	121	71	15	30	256	111	0	1	76	4	107	10	8	4	2	1	10	0	162	206	11	10	0	75	2	19	230	27	34	45	0	103	141	9	8	154	0	87	0	0	4	23	1	197	198	141	325	29	61	167	457	1
ACD	176	9	0	52	61	320	35	278	19	10	5	15	89	116	51	552	17	107	135	1	96	0	54	188	288	112	3	42	339	2	126	6	266	199	1	118	142	0	28	4	0	3	44	57	7	107	37	30	96	0	90	12	71	84	13	51	14	137	59	18	481	23	0	95	2	10	2	108	19	270	3	7	1	394	73	13	6	138	20	30	3	14	1	1	0	52	23	127	73	143	169	4	0	65	52	0	46	2	252	22
ACE	65	133	352	13	315	134	4	865	5	228	4	3	25	116	202	1	168	11	130	14	62	90	168	78	45	0	218	824	10	19	104	64	206	27	1	18	17	216	241	192	27	1	33	16	17	233	206	396	667	46	913	209	21	55	41	119	86	12	94	15	857	21	66	172	223	1	0	21	234	27	1	93	480	24	4	62	46	11	89	243	62	26	195	162	503	0	47	65	9	62	144	0	555	160	95	104	125	147	53	32
ACE2	36	62	5	6	2	270	572	37	11	4	19	159	2	37	12	66	0	21	412	117	108	235	0	82	282	288	7	5	15	312	52	13	39	51	0	134	260	11	69	0	206	39	4	2	11	245	12	36	71	45	69	237	0	740	305	11	2	0	0	35	0	30	51	12	0	11	435	60	21	35	23	174	11	46	327	20	102	340	35	67	7	32	5	39	51	0	13	215	3	372	24	34	93	37	24	93	30	402	74	46
ACER1	3	91	0	5	320	0	26	139	0	35	23	43	171	3	1	603	194	15	152	6	373	48	59	35	529	328	154	8	10	17	184	28	20	7	57	16	97	224	626	15	37	70	66	95	1	91	77	1	59	67	0	72	11	32	4	145	58	228	9	145	21	36	180	7	70	4	67	41	200	87	105	9	41	179	7	38	82	413	257	66	78	0	7	252	3	17	36	2	183	12	29	51	338	28	2	3	203	2	546	120
ACER2	482	0	538	2	260	44	7	5	8	109	38	55	234	93	0	67	0	194	160	22	4	81	204	115	123	8	59	5	56	35	143	231	58	460	47	3	67	178	81	71	8	253	6	134	0	149	8	256	31	10	33	443	54	733	4	6	0	127	6	568	450	9	1	40	204	18	97	34	80	1	0	89	69	19	46	8	26	1	0	111	75	64	154	77	82	139	41	1	3	18	68	249	30	227	274	45	137	8	281	16
ACER3	241	0	81	0	50	1	9	108	60	158	247	265	10	4	662	222	2	47	68	30	35	53	192	149	18	163	15	0	33	10	30	23	95	19	126	62	47	83	3	0	23	307	1	48	23	76	99	61	1	66	19	86	184	50	0	53	13	57	133	16	131	0	25	20	1	16	5	251	201	17	83	28	405	16	83	0	2	4	182	35	66	74	80	495	16	80	200	320	0	18	894	144	4	36	61	30	46	206	158	1
ACHE	136	2	21	58	59	297	0	48	4	191	218	106	21	12	51	412	395	91	124	22	34	7	0	2	124	74	58	3	0	255	110	0	28	17	150	52	1	3	36	148	37	0	6	275	6	33	19	52	44	16	24	246	4	1046	0	236	0	0	694	5	16	2	121	140	0	44	41	3	0	9	240	13	4	247	98	167	13	27	1	20	110	21	21	417	47	4	29	6	8	84	10	88	615	177	107	308	3	180	23	14
ACIN1	153	26	135	0	48	184	78	257	54	20	4	18	308	1	103	287	1289	168	87	41	5	0	133	73	65	0	1	1	10	208	393	146	186	4	652	96	110	4	4	99	1	26	44	2	0	105	284	0	138	84	16	41	190	210	9	1	169	268	173	18	1	0	161	167	445	0	475	44	2	11	267	20	115	1	2	66	5	111	57	5	13	4	6	615	0	171	8	17	145	28	1	4	67	434	0	341	10	62	522	3
ACKR1	45	1	118	11	141	248	0	13	313	98	40	184	138	43	122	39	9	138	110	10	98	43	9	52	13	349	294	0	12	92	38	26	133	40	27	1	40	161	0	0	276	24	1	179	10	257	225	2	307	17	58	7	39	118	54	141	238	453	103	24	25	141	147	142	2	304	227	9	220	18	140	40	188	8	104	10	182	5	59	104	28	21	40	125	0	21	0	11	1	108	206	44	329	26	30	25	0	11	7	115
ACKR2	106	124	13	48	1	5	730	44	0	1	13	11	36	3	15	41	326	0	21	2	26	94	888	175	2	3	94	330	0	318	164	240	1	55	10	181	16	7	97	12	23	0	4	416	280	239	36	43	164	440	0	12	213	0	4	152	9	11	17	101	43	47	63	186	93	37	2	29	41	0	41	21	11	124	18	0	66	23	229	5	227	28	0	0	63	170	162	3	4	19	85	14	0	159	1	201	0	109	16	96
ACKR3	118	8	215	44	0	25	65	42	38	208	12	18	0	133	4	143	17	294	0	15	186	223	15	82	23	28	148	23	415	208	30	41	768	365	0	221	5	96	5	35	40	56	120	115	146	36	11	197	0	19	2	77	215	0	55	13	32	24	247	23	73	0	29	44	379	9	69	6	107	2	57	5	11	35	107	230	196	30	60	9	142	68	143	122	47	28	0	8	321	139	3	10	6	220	288	374	0	432	0	53
ACKR4	13	172	15	1	1	574	110	14	106	9	2	17	30	338	5	11	125	29	60	29	15	478	10	40	5	1	449	133	30	8	12	114	6	42	23	139	68	58	30	1	156	562	114	1	13	1	68	331	36	0	18	125	0	24	224	1	531	78	183	6	21	496	92	154	80	1	34	48	8	7	1	7	3	16	26	5	41	228	0	15	108	43	29	4	49	353	10	56	3	62	6	154	63	86	62	100	4	84	126	282
ACLY	265	308	12	8	70	12	104	72	303	162	174	104	55	555	50	7	11	78	6	25	73	131	40	0	256	53	157	0	44	185	14	26	5	100	28	19	71	280	56	84	1	3	0	19	53	19	123	59	132	92	6	21	449	7	0	3	19	66	94	0	128	186	46	0	35	8	260	322	20	59	110	5	48	160	235	1	57	3	44	1	18	42	1	3	0	268	189	12	251	157	121	0	7	3	0	78	9	0	384	37
ACMSD	4	5	349	60	5	134	9	27	48	202	1	44	86	213	139	123	68	8	6	14	71	16	1	7	21	45	244	22	16	189	1	58	2	18	8	182	26	49	284	412	113	41	27	21	93	217	59	35	70	405	104	345	330	0	7	215	0	6	30	29	0	558	116	36	127	850	67	13	21	3	7	4	0	30	29	2	166	1	3	53	61	410	11	24	177	71	210	76	42	13	344	288	2	54	89	8	7	4	34	2
ACO1	8	121	58	8	38	12	90	350	61	100	107	39	193	16	24	65	1	11	98	41	33	81	42	139	49	27	1	37	392	6	272	119	147	0	23	5	4	153	33	17	3	235	2	63	12	104	17	46	630	24	59	42	35	77	38	155	0	3	138	38	4	1	190	93	107	168	210	205	26	92	48	3	29	234	51	7	36	48	406	123	37	28	28	4	380	149	9	95	0	13	2	264	66	23	249	191	0	8	2	12
ACO2	189	81	23	54	37	206	101	61	302	87	49	68	74	52	48	148	0	15	28	63	55	300	3	274	249	136	16	46	1	713	31	18	180	121	12	153	88	122	32	43	95	129	241	65	38	5	31	191	208	3	5	0	19	0	18	345	51	216	0	10	2	796	301	17	22	55	89	3	75	101	0	1	111	82	67	92	74	105	28	0	10	127	30	96	94	0	0	4	428	86	27	24	3	188	30	17	46	67	150	2
ACOD1	100	94	4	81	86	0	49	2	1	501	47	196	0	4	3	14	42	18	597	151	43	104	8	1	97	422	29	1	105	71	90	625	35	75	40	152	1	211	153	97	4	33	267	0	5	515	52	0	174	146	32	140	26	10	92	327	17	0	44	1	323	20	25	143	4	629	153	90	552	22	13	127	219	209	16	6	3	13	174	309	61	218	30	301	38	0	82	1	99	277	4	29	94	106	47	51	34	0	130	66
ACOT1	45	38	42	18	0	0	330	15	325	8	38	26	298	93	97	98	22	4	123	0	11	58	132	26	73	128	193	0	195	1	4	2	323	23	5	169	210	10	62	3	4	5	55	15	29	7	157	5	39	50	14	240	23	1	331	239	1	395	314	38	176	238	51	502	19	141	30	26	21	58	135	0	103	100	8	776	15	65	238	8	105	23	8	0	0	29	304	86	1	19	31	141	314	53	4	74	32	5	152	40
ACOT11	90	0	235	131	41	50	89	277	13	179	19	131	554	190	2	107	0	23	11	240	21	262	439	9	54	64	34	482	48	17	398	78	109	191	686	143	1	369	31	99	26	184	1	213	9	85	166	354	10	66	22	120	185	94	631	6	98	22	2	89	39	146	0	7	170	116	95	126	6	5	190	297	87	107	3	11	17	103	242	42	0	33	3	11	88	270	149	177	151	39	1	328	6	49	21	380	27	593	40	7
ACOT12	45	23	0	468	70	465	133	184	0	13	124	0	0	2	89	20	2	84	3	8	45	264	5	96	329	82	122	23	198	601	57	0	24	6	37	170	11	45	6	2	91	45	738	498	256	28	0	46	30	108	55	28	12	375	154	74	0	164	80	688	20	205	38	0	5	122	4	43	347	0	76	34	17	0	18	104	20	242	249	229	41	54	544	119	362	103	115	190	10	0	357	12	0	141	138	37	8	215	124	198
ACOT13	84	21	88	50	35	150	391	61	4	30	0	146	1	78	120	149	29	1070	19	317	31	28	1	19	58	256	211	3	454	136	67	0	0	20	156	37	3	217	1	0	46	293	51	143	35	50	3	515	27	7	1	9	2	63	1	17	92	157	50	56	101	173	257	90	39	1	172	35	8	60	44	39	5	0	202	293	36	8	1	28	57	330	460	209	143	21	422	41	138	366	10	7	305	24	13	17	40	86	369	984
ACOT2	4	34	51	82	0	82	131	2	4	176	10	76	11	27	90	220	29	31	113	0	133	59	48	377	316	76	0	22	205	65	19	74	57	15	1	170	48	209	6	2	39	261	63	0	3	0	11	213	0	43	138	1	138	578	105	0	98	25	163	38	55	8	93	55	19	43	46	2	26	533	98	16	470	154	45	84	116	6	60	2	13	219	209	74	156	162	47	0	34	59	4	96	42	0	25	22	21	306	0	158
ACOT4	46	0	0	26	7	220	2	15	355	10	598	268	69	228	1	321	17	9	595	54	48	76	10	1	59	253	10	153	80	77	347	1	114	34	66	3	20	23	112	270	18	76	3	19	120	0	344	56	86	458	163	181	419	184	46	237	7	278	617	92	76	88	124	169	105	1	81	0	204	3	62	80	0	312	212	12	5	13	0	0	101	215	52	10	160	31	29	38	113	45	0	58	2	28	85	103	206	340	34	10
ACOT6	34	13	0	130	264	651	56	11	19	3	88	0	2	18	19	32	104	198	53	0	26	13	107	76	764	7	7	99	20	90	2	503	79	7	332	60	28	36	20	40	6	10	0	522	18	2	22	1	62	229	3	334	68	34	13	25	38	63	59	0	0	1	76	56	73	96	16	31	108	109	120	75	146	0	108	34	5	433	68	173	0	57	6	2	44	0	82	617	36	94	317	109	238	45	2	116	35	270	7	31
ACOT7	65	294	172	72	347	497	248	829	1	6	8	38	33	1310	155	40	115	129	575	396	1	0	1	2	157	0	25	77	4	15	38	16	8	16	69	51	6	76	224	8	392	94	9	0	4	8	11	74	206	2	5	503	32	232	104	189	18	111	26	5	193	25	12	15	127	5	77	88	66	306	0	0	219	2	160	35	208	82	13	152	9	66	20	5	222	7	180	943	37	27	711	217	5	1	99	11	103	84	176	32
ACOT8	44	0	96	3	25	18	25	147	130	0	65	498	7	6	21	282	451	5	83	34	201	43	7	19	17	13	34	51	138	39	132	2	1	14	499	76	6	105	75	4	68	100	20	215	9	229	28	411	9	547	33	191	118	50	12	8	87	183	14	64	94	71	44	40	53	19	5	2	282	652	33	32	171	756	77	6	12	7	54	400	414	4	0	57	361	64	15	312	2	88	4	7	11	15	12	138	52	281	3	1491
ACOT9	104	54	141	88	611	74	97	2	356	9	5	178	121	8	7	290	165	9	0	37	156	67	4	80	17	140	61	12	47	0	105	23	214	178	246	245	21	15	16	196	14	135	4	207	16	78	249	0	0	0	12	4	209	176	182	305	278	305	459	0	33	0	16	13	1	1	45	3	177	27	29	63	26	2	3	20	77	728	491	26	138	0	90	126	20	0	313	18	173	237	11	0	55	8	12	122	502	104	25	61
ACOX1	49	163	3	20	8	339	379	13	1	136	85	3	0	35	5	394	25	79	565	158	50	39	119	3	95	114	95	177	161	132	309	1	187	531	270	44	0	17	428	102	10	2	3	2	383	8	67	741	203	17	14	64	3	5	1	6	228	342	0	203	130	15	148	0	31	1	70	10	0	33	77	114	189	407	109	3	81	288	44	25	3	151	23	45	5	53	201	552	21	182	1	56	85	22	0	168	29	314	0	390
ACOX2	91	162	25	11	14	25	85	2	39	52	193	15	0	1	3	34	21	95	3	161	23	5	88	69	119	95	32	261	105	11	113	250	135	11	134	325	1	90	276	129	29	311	0	163	14	0	363	17	44	118	167	3	39	61	0	121	178	5	116	381	13	4	32	43	19	4	13	18	3	66	593	115	29	25	0	88	372	16	6	43	232	8	9	26	14	332	73	4	31	8	112	0	58	3	1	42	138	76	106	0
ACOX3	30	141	7	248	107	29	29	0	166	7	9	61	40	0	62	79	6	4	8	54	453	1	92	50	421	223	0	2	201	2	46	51	0	809	0	15	5	333	3	177	9	178	52	64	30	207	70	0	86	37	125	398	5	115	171	62	229	3	0	368	0	246	33	140	1391	142	103	92	89	222	546	6	48	53	9	64	329	28	1	85	75	9	4	56	0	18	22	0	1	4	118	783	229	142	116	50	1	159	1	13
ACOXL	34	36	44	4	3	16	11	74	395	8	0	114	81	0	54	152	49	37	417	58	109	347	62	3	4	51	37	136	20	260	332	0	477	3	0	41	1	0	467	88	270	24	111	60	13	3	21	547	154	17	0	20	1	76	6	0	117	51	29	26	435	271	372	188	291	123	296	59	5	379	75	2	8	4	148	189	510	9	23	74	308	4	35	85	164	4	176	157	0	69	41	88	228	333	40	103	8	74	32	138
ACP1	355	84	0	5	21	237	8	0	26	9	13	211	1	203	44	0	4	5	10	47	50	164	12	105	96	188	66	23	14	30	179	192	25	49	29	167	8	4	19	7	64	45	14	2	260	22	0	263	11	99	3	99	94	0	39	341	130	85	79	231	432	221	71	2	89	0	126	56	46	44	413	132	262	46	2	45	31	10	6	0	617	48	0	80	85	51	44	230	50	28	54	33	100	285	40	337	0	383	12	46
ACP2	3	51	161	19	2	48	5	9	1	90	73	2	3	81	155	286	134	94	147	145	0	0	15	0	180	2	150	9	35	41	154	114	13	57	32	88	43	8	287	3	13	77	143	3	5	32	129	107	61	23	64	5	57	208	101	16	94	10	59	10	15	39	15	245	33	75	60	37	3	6	11	14	13	47	8	191	102	68	10	30	260	4	131	70	59	2	25	4	75	226	134	133	55	1	27	65	10	2	577	83
ACP4	47	36	13	0	21	312	48	0	1	0	44	381	67	30	56	47	95	203	105	28	169	142	147	41	0	0	230	27	14	272	565	11	90	88	6	40	24	362	105	555	3	57	77	63	249	22	3	21	361	136	47	111	26	182	11	131	47	127	16	98	2	515	164	56	301	0	56	92	2	69	32	19	808	75	247	84	268	113	77	61	14	37	75	35	128	0	6	77	63	28	1	90	29	112	51	37	37	163	6	4
ACP5	93	8	44	78	8	294	9	97	136	2	201	204	18	49	8	73	169	257	54	83	148	0	0	0	526	139	66	4	115	44	29	356	6	10	31	8	34	57	149	2	7	139	10	162	1	15	23	130	354	2	33	0	18	0	0	153	0	28	230	127	534	377	53	8	82	94	45	53	10	11	2	52	90	21	1	8	140	699	56	8	254	2	347	213	0	32	268	23	99	4	50	129	0	34	663	53	140	164	63	3
ACP6	129	2	3	13	17	7	0	97	37	346	47	135	126	1	244	1	53	436	225	8	20	8	5	32	240	2	36	5	7	163	92	104	22	118	24	107	251	0	0	210	109	4	5	192	2	6	64	155	127	20	0	4	7	13	60	25	406	171	85	88	94	12	139	22	4	113	7	14	98	112	11	287	157	41	141	102	7	4	44	126	258	301	379	23	53	69	51	281	0	113	180	1	181	51	167	98	33	52	22	166
ACP7	59	47	245	20	0	11	6	169	87	123	24	35	18	238	0	24	189	168	51	111	234	19	0	207	161	104	3	0	39	25	64	11	84	23	52	37	246	84	93	266	158	64	2	110	7	3	168	157	7	110	11	53	0	34	0	133	1	11	23	6	48	260	7	280	265	90	34	20	73	104	199	14	30	2	10	2	16	91	80	5	221	20	52	1	1	64	231	1	0	33	187	34	102	135	34	1	44	168	0	171
ACR	52	479	1	280	21	64	1	83	12	2	53	2	196	53	2	0	2	24	542	21	8	98	157	296	10	172	9	1	112	9	1	522	20	85	137	11	84	261	33	0	53	33	0	2	6	150	19	192	34	0	195	6	2	96	49	11	26	112	94	0	24	135	48	3	0	109	28	328	297	10	358	353	244	552	3	218	91	16	67	41	61	3	200	339	17	2	48	34	131	32	31	158	38	18	219	105	42	23	84	0
ACRBP	124	54	6	123	0	16	25	88	0	3	274	4	121	349	10	0	122	98	161	0	91	0	78	65	11	9	2	5	168	6	157	6	395	66	0	1	36	7	3	11	134	0	99	284	53	41	20	44	128	372	10	11	2	284	89	378	46	368	82	7	117	35	143	31	0	98	4	14	113	44	18	109	533	439	12	25	2	3	39	0	98	0	15	138	25	86	36	136	0	287	37	0	8	12	1	31	179	162	11	58
ACRV1	40	258	1	348	42	236	539	98	0	25	166	25	8	60	3	72	97	110	80	43	0	11	117	26	90	0	25	313	2	222	65	93	46	373	167	12	28	150	228	147	22	32	24	2	0	0	18	8	12	114	62	6	39	36	32	316	17	5	40	0	9	61	70	0	97	87	31	531	597	4	9	18	12	11	272	1	23	84	88	168	293	3	215	242	36	3	65	222	5	193	17	151	659	3	66	13	137	25	211	0
ACSBG1	16	9	87	28	85	30	360	5	60	2	37	1	1	29	2	864	499	175	419	1	159	0	221	24	27	428	61	30	297	10	45	12	118	96	4	138	128	5	12	79	290	40	191	220	90	61	210	0	98	212	28	108	2	39	136	45	449	19	0	10	61	150	106	38	15	2	19	0	65	45	84	68	38	7	76	76	5	22	0	70	99	45	143	1	190	69	10	71	32	322	110	5	30	89	1105	225	2	44	100	0
ACSBG2	5	258	1	191	4	31	28	1	257	68	2	56	183	73	631	49	178	227	4	352	17	717	56	19	558	227	161	43	29	4	132	199	112	136	150	101	329	148	5	9	2	92	31	1	6	6	93	116	595	24	93	87	22	147	293	9	77	12	60	216	30	23	12	193	139	424	2	36	1	31	0	5	51	84	101	4	3	25	26	13	153	7	58	406	384	4	3	11	465	59	13	3	28	275	456	6	56	12	0	73
ACSF2	6	195	0	16	24	282	122	116	592	16	92	152	12	399	61	3	52	39	141	77	118	118	354	1	98	8	1	20	3	87	7	4	123	387	10	83	7	5	65	112	57	75	0	199	24	0	43	379	69	36	174	86	29	101	55	3	69	0	114	72	0	705	241	17	13	1	1	6	61	1	566	2	44	8	4	0	44	111	4	115	99	347	125	43	0	94	7	0	3	4	194	7	115	845	66	1	147	61	0	261
ACSF3	60	143	0	175	21	251	237	105	30	958	62	0	31	29	119	7	21	0	552	6	88	51	107	108	11	656	0	82	144	43	69	53	11	101	0	359	1	0	10	1	475	189	541	100	24	454	1	12	35	118	2	130	0	63	68	10	3	76	396	338	4	379	90	235	199	27	4	211	2	103	117	8	21	87	158	4	107	15	6	34	103	321	1	4	570	22	55	0	58	14	132	695	115	0	5	9	186	143	222	5
ACSL1	85	147	198	18	162	397	24	4	229	48	13	22	5	259	2	186	183	1	3	159	3	139	120	41	0	119	54	5	115	31	28	173	127	24	237	1	47	105	166	45	295	1	6	1	52	1	47	1	129	0	20	26	413	11	16	8	8	0	85	116	233	7	3	327	1	17	3	1135	72	219	5	209	5	72	97	119	4	31	24	3	2	217	16	486	0	0	8	116	4	58	97	65	87	1	241	304	106	7	10	100
ACSL3	90	220	44	22	412	10	43	204	57	86	109	0	4	597	273	1133	211	88	52	205	210	162	245	1	4	5	0	251	23	93	17	544	72	59	1	4	24	28	160	3	6	180	5	1	105	50	177	1	187	11	6	11	61	22	28	167	378	205	24	69	3	111	45	33	200	20	1	13	119	52	2	0	49	52	460	257	43	27	256	1	9	8	37	38	25	53	169	35	64	160	38	1	102	131	178	71	166	196	5	59
ACSL4	26	13	16	17	2	36	28	45	27	463	98	28	7	3	53	217	95	104	33	313	5	20	61	27	149	1	0	312	3	122	173	264	36	67	145	6	50	0	5	2	3	0	10	13	52	75	84	20	186	45	273	273	224	54	54	942	49	232	2	12	7	1	208	1	12	77	453	13	17	61	44	18	81	76	71	80	2	201	952	54	13	0	318	31	39	48	408	150	176	0	13	0	1	583	31	87	1	11	335	20
ACSL5	19	174	261	23	35	622	62	147	20	70	9	16	76	13	9	82	0	54	252	122	47	28	96	15	102	133	20	6	0	9	145	98	291	8	129	1	0	3	1	23	5	0	39	4	5	103	0	413	58	145	158	47	0	26	58	557	36	489	47	1	13	14	375	0	380	95	140	1	108	76	111	1	59	30	83	1	49	148	1	25	90	260	30	8	22	38	52	44	35	68	53	79	116	12	125	119	12	17	24	194
ACSL6	8	284	149	4	12	3	37	77	292	14	238	0	104	0	38	2	13	1	13	32	3	118	243	101	81	3	25	93	25	23	5	239	119	2	23	6	0	8	12	9	207	205	186	34	77	212	84	58	1	134	27	6	71	68	185	5	0	71	33	150	1279	48	239	8	38	6	92	8	1259	263	208	154	43	115	80	64	20	124	186	2	194	150	348	15	35	127	412	146	38	41	13	202	167	41	171	161	218	334	9	146
ACSM1	91	122	24	17	3	19	46	6	326	306	23	114	236	38	532	675	77	10	261	52	174	99	76	108	83	51	95	59	18	100	62	44	42	476	2	265	11	151	32	51	8	368	43	26	6	29	3	20	2	17	2	219	80	318	0	81	1	139	30	2	51	5	331	62	27	3	92	198	0	113	268	19	41	30	20	42	63	92	53	410	387	18	14	38	80	7	5	22	185	26	41	3	83	94	93	19	150	141	127	21
ACSM2A	40	70	2	63	15	3	1	230	9	57	131	113	32	227	10	561	8	422	72	211	32	12	106	1	1	705	9	440	250	17	613	477	743	17	28	0	1163	1	26	0	152	13	5	3	302	61	32	0	167	39	73	9	34	59	0	4	328	46	1	201	54	172	9	529	0	15	140	8	2	24	43	363	2	40	194	0	278	170	62	0	24	3	0	17	118	9	7	12	1	12	0	88	24	0	24	17	18	0	486	15
ACSM2B	20	184	3	474	0	48	0	54	69	158	68	50	245	92	99	185	906	134	399	17	141	81	297	29	0	0	0	92	33	56	8	214	715	209	225	10	7	30	8	28	0	101	286	219	17	0	20	6	97	93	313	7	66	1	482	147	0	1	0	359	106	214	130	4	3	51	0	111	136	36	6	6	16	3	3	111	37	9	205	0	42	30	1	74	0	190	106	58	77	0	493	259	19	0	1	3	142	9	5	167
ACSM3	3	3	442	315	7	179	165	43	7	300	8	20	694	111	0	87	2	18	22	855	61	15	9	497	2	49	4	0	71	85	22	38	228	4	93	15	108	2	21	330	540	12	29	32	13	14	521	16	75	2	28	508	1	47	43	4	12	39	215	83	19	283	17	275	1	29	16	88	409	21	92	460	24	1	8	18	4	26	165	346	166	490	160	1	42	13	4	18	67	30	202	8	44	95	56	38	20	11	67	318
ACSM4	27	19	4	18	67	56	9	0	23	17	911	61	9	23	152	59	191	106	533	513	51	33	150	50	36	10	9	179	7	18	122	154	0	9	2	14	143	257	1	146	67	12	0	1194	53	9	9	38	36	7	10	209	0	133	328	36	20	28	132	9	0	411	148	10	169	36	189	2	22	24	45	96	11	30	135	5	15	834	0	8	6	46	54	8	75	463	26	67	264	6	39	289	2	55	0	10	0	91	0	93
ACSM5	17	0	0	52	27	99	18	42	23	0	103	212	22	97	313	30	1	59	465	0	71	152	11	231	218	319	37	10	162	4	110	0	20	9	424	34	3	36	1	98	79	6	26	11	150	0	348	289	1	102	305	125	2	1	72	45	8	17	6	0	142	3	30	1	657	9	71	82	738	9	35	0	155	66	13	48	24	2	19	83	58	38	33	37	21	212	17	156	271	0	454	7	115	68	47	160	15	45	99	91
ACSM6	1	30	182	293	137	13	15	11	8	120	14	159	14	24	280	16	54	233	27	14	6	310	45	72	0	153	177	20	20	2	12	65	80	94	2	0	249	53	19	43	7	317	1	260	31	114	2	2	58	0	343	39	0	135	139	429	47	151	30	393	86	108	28	583	114	15	87	0	56	181	8	139	7	12	22	118	336	52	86	35	26	458	19	12	32	51	34	14	10	239	13	50	14	44	0	269	25	18	188	80
ACSS1	38	64	189	100	67	31	301	386	19	109	15	242	378	0	147	31	40	35	182	157	29	3	4	1	68	469	42	0	34	93	57	57	11	3	69	24	50	8	256	42	153	148	1	85	119	158	266	2	503	3	1141	0	47	0	272	0	0	0	4	6	36	11	101	475	301	27	72	82	27	10	20	253	1	22	1	4	172	0	2	18	6	9	90	34	69	40	156	49	105	68	19	361	138	2	64	147	368	10	83	1
ACSS2	15	4	48	6	0	310	90	30	116	207	8	0	14	97	289	36	0	18	1	17	21	33	28	0	89	71	62	23	142	73	602	291	70	169	67	14	10	15	41	17	126	10	3	66	1	142	2	184	0	252	116	35	111	75	88	636	222	43	70	20	222	6	47	236	366	155	107	255	142	77	206	426	146	1	0	259	17	141	586	356	253	4	4	15	0	10	9	3	23	16	104	6	108	2	327	201	321	3	106	658
ACSS3	19	0	60	129	183	29	1	88	40	42	228	84	91	177	3	18	3	72	133	8	1	24	11	2	42	72	48	109	232	26	4	43	302	174	20	1	1	1	155	38	23	25	116	143	6	4	9	15	137	1	17	50	8	18	1	30	486	17	1	4	126	0	504	312	121	12	0	0	31	2	93	31	52	136	192	89	4	51	88	1	242	383	124	5	297	73	14	77	1	3	83	58	198	369	87	5	47	5	17	25
